57688615
51769443
09863083
64260167
60757519

40607522
79005083
90953983
66602042
50049141

75700399
18330719
10956337
69835127
45717436

46627690
50832318
62145818
72616561
79768052

40964472
01617146
16601033
06154517
44018264

77275125
54999429
74449788
61891536
76794650

05788282
57448651
46958363
75358451
33398255

66868697
29202599
97382556
71489000
40897055

38789740
28419529
29660913
26401738
40254493

12468105
97812523
60450013
04214983
10126097

29963803
22894945
40423943
50517119
34611550

08332598
28449787
03129153
69944793
93815275

14791054
21321245
34305855
68309711
21191856

70132218
26924806
25598036
12935164
06116796

32891213
16220938
57115915
67324272
06853924

03470922
01012676
60116835
42242252
99923306

85011145
76573774
01394904
60694465
15072476

99588945
54056628
04613198
56671318
24340925

01930416
36413112
68375908
94185724
98316060

66625402
18550273
46751961
71232127
48085053

60733501
83509041
47909561
72930545
27010902

56807589
70855945
64194946
53260654
28215952

66682338
48038673
41201000
02733765
91588477

09897471
33078902
10268401
04629983
55424319

71985328
91021074
75532773
19319355
83312310

00876553
66573256
85271472
91082718
71883068

20343811
43317882
32531935
12852396
46457447

46378298
28655993
26574278
31499358
20431124

03750466
28885442
10217924
68888400
71154059

78666413
67382030
59729629
36309368
01250128

66747233
71264345
14461207
62384208
88591048

60011970
36237164
91643739
86244961
82345299

06385777
05627021
27832176
51066057
94796029

64537707
49539417
60533056
79943738
80916632

77208191
20027477
40847712
77007644
69827466

54837127
06052929
25295885
55112552
16369356

52487391
76153268
45961757
58774183
68816194

67506664
54754999
22547993
53375513
69723729

59456848
41363031
66777951
15685111
07809017

38107266
63815703
46557825
77364893
50164928

85493032
55087759
69742638
48789429
47956306

35703724
98266067
44992985
70773981
42834203

10356092
38537637
18267716
04336456
62382522

22483015
79851722
92195384
99679767
51264317

24026290
44088569
20118040
15269528
53915358

97425500
04034522
62218426
13696100
01260079

70728091
63119505
36342091
61432683
36043009

85284929
91282591
77315433
67907181
64896628

41652335
52459385
98015666
49281823
26030011

88488751
74788978
77915402
41328242
75240712

86787722
70599174
28439580
70905545
27273645

61892887
48367017
46832001
01905609
53883887

53456783
93741474
57176465
15721126
14186895

40666942
98590188
85945007
33718962
96045025

74713536
95758606
77065784
34259942
54102525

77302192
68692311
39190047
66967461
41966587

75280598
44538819
84324736
12614018
64276306

11556559
76805164
49043782
81988845
08510963

15611808
00769965
34111229
28130500
83010470

30085295
10364899
61126257
70193755
67642677

73994094
72246039
46952760
01192942
70153812

29627489
99730196
65322864
78584080
81553458

08167568
81172836
11751404
01902704
27553000

68927265
14424312
82326514
19512655
30189624

56314824
69955755
56818415
57622825
38207078

29128994
41521126
65991236
06312171
10015930

89185588
17328955
74291693
26632566
34885744

03894580
91185403
78172208
07999185
45751324

24833942
73911832
40079135
95598878
22107887

47936278
69115644
83209124
92655809
25494301

66833327
01579276
04634851
63897823
98630583

02153281
12001260
13816963
20744149
21691144

86271500
52777573
89118285
57686616
20738420

31407911
43332113
25122912
05397030
12329760

50264576
51238426
05579855
28896128
34914257

13675101
25679893
11892800
81959209
55915183

60155400
68282831
76869567
19862329
42929478

91468070
53723209
60406610
71259523
45501515

16853625
09936079
45682097
79350433
35750881

95978016
14699386
36539637
46589408
77631758

46497771
88359665
69546096
74991235
40845057

91742896
63465690
92885557
83303695
73495459

95874238
95370247
36625714
51272666
27745306

37538357
33765559
35791773
84655765
50831739

40104333
77223973
36598825
47826275
63737633

48841843
96670308
86464035
22874391
61876463

99956267
17840906
70645019
36098760
65474080

43543789
70556367
35798522
34912734
92723340

72430257
14309956
99111793
99758975
62373202

83212658
97275320
73075295
03474266
83833701

15594952
16763086
06547035
15500445
18279562

65373925
54274848
41099754
30492098
86645990

11844838
10848543
67922177
39703207
94590262

87191454
68535854
48795842
36548450
45508103

56279735
44199484
60364356
12521001
62142850

27836889
90105211
31395300
96745060
42754379

34990015
29294402
23430473
16497216
21235100

58561962
13465932
73604916
99863929
75528553

95255212
30333871
26974356
90302638
31322240

53075585
27576289
95773459
61316145
60871600

02692170
69777165
72622124
69776558
85952223

60833754
81369428
12672435
85366792
06965659

56057367
83270703
67440333
55930064
34511814

51577787
52350637
74565066
18863324
12679209

95987502
63944726
39164189
36264616
80253293

42863978
40574459
13830730
70930488
41096690

15749487
93941223
87720602
23767951
08881902

44716266
27574074
43291303
58120405
52322870

04030374
29927312
75403246
45725813
48014113

29841334
83757404
44384311
16670938
51360949

24847627
54528593
69840899
27248446
66855725

22941555
99373332
94146002
00376123
94403752

97880648
02323757
46323738
03430453
55018496

33481270
56618714
80596768
30562221
61509415

41238905
93226499
94852012
47701882
10208304

72582504
42333284
56136961
16396597
61718484

40686542
04316571
27834537
24276805
42404919

31461185
64463224
47472586
59641196
12935297

39915031
24670077
53756004
65398118
95074330

34444238
56663491
27667345
03999996
99779916

93694057
72083795
63217822
82721047
83509517

59652696
83500788
12188616
93531581
42815267

80910771
64361758
81876330
12746124
77304618

28279868
09206330
63582014
09953484
19296933

04781694
72703045
67411715
40991607
52303801

90802240
94144059
33054367
90361240
06583189

17807404
40724921
27902747
73937761
46848495

51172418
88113908
38334546
52757560
92555974

04370215
71139624
32992900
58232608
52408716

02839499
75651681
87639156
35898269
06461012

64212572
22137128
31984265
17823920
47868559

12348936
08944433
79790499
14018210
09792900

81557642
68766582
04385557
32860281
28708084

84795651
17539526
60876899
00611321
78567178

60648959
32766461
30364872
14417874
08972154

45688424
63353628
23251343
68661848
36346851

26817018
46977217
55718214
44394337
69944897

31918071
64006949
17719687
73842549
26093289

30930588
80399694
33969724
24065849
48448553

06448210
28893529
07239572
13439849
45089046

93612920
59710238
72397321
20916739
77886631

22842177
52478858
47107118
42600149
60958563

27219001
16298542
22450099
60208848
26926279

85396776
37866761
97114397
31759625
78230951

84078272
05889609
65517647
77237209
59987245

11225174
01936626
42138310
85976711
68969219

23449321
71338903
00656169
28136047
46535879

48614997
36416843
59352639
26062552
38962497

30258556
98402269
35051794
26550336
17514320

57286981
20753902
35875352
78788233
84902612

36254727
31907349
70511038
09105061
55504790

66633444
43660453
31222616
12779601
63034080

87849156
77783284
57723992
72976519
41708630

63360029
00899029
04609937
43007159
97948244

11154870
47074633
06887284
18596239
62706219

69643401
19787040
93554712
32361448
73592600

27874500
65301994
07219494
60681794
05388312

69122167
78840784
51138697
66762153
01102061

35820723
26320373
35784435
37785964
21013746

86695272
37110357
04787904
50197154
27292516

83270247
39208431
93919512
71505707
14603980

81902159
68132791
23267750
16839759
32523530

26875036
02019289
58786884
36537676
98469971

36712472
41140292
16353921
64484469
90110043

23607194
94590418
62487631
73663866
17225071

27894671
06080618
14981448
81691543
44731115

90606585
80831282
66753348
65581314
37661107

19293044
56453564
53346885
77932395
65552678

34251206
12400912
54618956
28175602
67731266

47956390
02025128
49074166
52135747
38211076

50478483
83008110
57888446
15540095
98859574

63671270
47685299
67731879
41382119
09597218

25471496
13118739
31268699
08907841
17889467

73407127
54029951
21374023
36383087
83002887

29710573
35999228
09472066
78086225
76786691

29333032
96768021
88093207
92655929
63703648

31420264
31117928
32049845
44792636
47011496

96755691
19512154
33480249
04322388
59701055

87440576
49451984
94027974
84367412
95009831

61095597
00261103
33671856
18249797
67362887

31798157
73982213
04951293
39020200
74739235

56089776
71332805
46903832
74370894
88820008

54931439
67295840
68033681
45130016
83430587

95952633
95026087
15337085
44800434
24782132

48679472
38824833
00651951
49514264
37540240

19532919
48553921
35564911
45667269
16926084

29859514
73302303
62786428
61980300
47935746

84104065
45540597
20419805
01635166
35106771

06887144
86461205
89128423
85971890
32375525

29789596
57478552
43782132
99419306
74884616

30229856
64395046
83325300
73033555
10386993

37809023
21866839
88663739
78717197
05588102

67459528
64039771
22109830
71238706
88549212

75741505
47446167
77867987
07852212
45344111

26669969
71606460
32918742
37137043
71819365

19083199
56566297
85007982
80904820
34268276

83871428
92168935
71715612
66019809
80384707

62886985
27150097
67137561
45098230
81340152

47750607
15418824
87586957
60213022
85707800

48565522
17638725
77411749
90624634
98302875

16120812
99127783
57081197
63402913
80842850

38536119
08291871
35409388
46078898
58426365

06382600
95266946
37249486
34711864
93384065

54149421
46179990
03582566
79809777
20984496

74449734
72279759
36568613
17203325
32790911

25795055
57909063
02376952
08643979
41170915

31209844
55291155
67925047
90530595
35562875

69000904
26665261
67800231
55441482
13207702

99099948
00026445
02904747
17384125
89495194

05967009
52888633
48217247
14713685
72032421

58169644
31590969
04860994
07044155
60952190

33663354
43938911
94991859
61486943
33331782

86098686
90201226
35892953
29843209
66238766

73190901
83336446
45661417
07940722
14918442

59850962
79674611
59009285
11732883
82621814

37934010
56921651
36661999
55228961
81714456

90588450
48248240
49770202
51702597
03966881

07032157
01465850
18538059
73330867
77767521

46458837
00859385
65677199
00964510
86989897

81694190
29629463
29065921
73375309
67702536

25590561
81485671
81860041
51589486
00669937

32344213
57433626
19475293
20825096
15924383

13198260
87739389
57057300
99687653
88025623

01458354
82724856
04431833
07435691
86386341

17546175
53469301
49482825
75740959
27708594

25447571
78976397
42838798
28187322
21471265

38411008
89616759
75490127
40135081
27128857

08827365
05115591
59372896
19862107
59145218

38839820
47103223
24444652
07956762
75680795

52632747
95900257
55921922
11539892
81453360

85186117
92792648
88953260
31214105
35758513

99321075
87323970
95341502
11875861
30676574

68749244
55699443
78426490
89746719
88014515

61152894
43981450
51669247
18126863
69090039

25907476
32184853
97868207
99595112
72866822

89959889
03002308
76861259
35564213
75397282

23677299
97070188
96860320
09031634
13889633

33248037
96897338
42595089
74950272
12093596

81146863
40251321
74830191
55504031
55986424

88608230
94543021
85882950
24073090
81978734

84875276
62525757
40949184
77938779
55898264

02466731
21178048
63640044
25947785
33683762

77522870
45255163
02847075
69113406
22787967

74754852
52356240
98899643
13754673
93221888

47330809
68442466
62540870
33648134
68582168

33186156
57623136
87469367
14301245
26187173

64838535
83065997
02416637
90544516
97383866

91332776
20554152
52988838
00873602
59658438

56178553
25518680
09119578
99991924
38196677

00446868
02459945
13679124
44527598
20543940

53527350
22742171
23830541
92027179
59924696

42317378
48980724
83435221
01002227
13611054

61801950
75222615
07436443
24628859
34073360

42216532
06825601
43963825
79101357
50712978

57868993
48004264
26618720
26403118
34318594

87575296
33784086
10646459
31421777
77250058

71125552
49800998
06974098
06750526
12907744

83319587
15076242
76180737
54211307
41740613

19480687
70867890
96289983
10714126
53707029

15060906
58470071
95106369
69034094
97915824

83036387
45334481
20836098
44505529
90470508

98738217
17076110
48651772
85977432
90983600

95591545
40858131
69151055
36758468
47030952

55569674
39717610
68075778
75945095
59936123

43490245
10774641
34397860
60311571
74169414

22227012
08348530
98830835
29791078
33583374

01025372
96399919
50033510
97845006
38126041

88179154
92680116
66146908
95295045
00385004

87643259
65192775
26365798
55756272
69299442

52592782
47803845
63491864
13943865
43529512

83425850
67618162
58138694
78733834
52190606

66162377
33344743
82846432
23114113
54658354

22969745
47161895
95508235
87438805
94911796

89506328
73071898
81322105
87774711
22537453

59428370
84070499
40537637
40882336
19259749

88923795
91601815
10823786
16287810
81901019

65268658
62857088
82275411
95265103
10181095

45824966
99084606
68578687
90506399
55790392

04644619
75968106
88054357
22447608
64413022

56560704
20503733
00457906
25855772
95437001

47968358
02426999
24822147
14108503
30012108

21175838
56727147
45012610
80760855
89046158

51996697
00471123
56813288
97043757
89564907

04455899
39921879
73761606
29272167
80452289

72880250
19359026
15531070
33804988
66633298

75433401
39415584
78128935
93119608
22043581

43138544
04401521
18529884
17907341
69364213

27395447
72128019
97414642
18457008
60391636

29735510
86301688
19686833
93316152
53866835

99108626
39751980
33323470
78076135
93785618

87197020
55537568
80148124
87038705
96886851

47499118
34311147
64932853
42269061
17174379

25947785
51558843
45934559
96269225
99951605

23343699
55488447
88993029
34342402
54115814

19249438
44394611
76523724
13375635
59975476

86223106
19705887
28775287
27346008
28421768

18556523
27414567
00243772
86172797
22938968

38261399
55562929
08791817
34296843
61063156

68278480
48973835
01398492
43007739
07152280

40434374
84508606
92244012
45414852
79626595

37829591
21077076
65311397
85467356
50172747

11989738
89817766
69803475
55192765
36395642

00209527
21661338
46743928
00826007
68891555

35891385
65909315
59755380
01544367
29575149

74167977
63456498
07611456
27976320
05938900

56813438
61010929
57228832
70239200
06081919

18619873
88818823
33770761
25151906
66311658

51045197
75610586
90189330
72893096
00160540

70475944
30921245
21081885
26992052
15629566

93864004
07979057
90807522
75213467
03879610

45394815
18310053
31263214
21516018
51937732

96128686
71478249
62296771
34815073
04650538

10988223
48330974
54988356
40102505
15835337

88910094
58347865
51823250
89485116
99908602

76089313
00019093
86426076
26460347
58649409

81051223
47202134
48218340
06712739
75926856

91984242
51260523
01524910
81831565
40079567

38242687
95273321
39888289
05511543
75404537

65519863
42091079
61331903
95419546
68631940

06297144
72234272
38136554
61984182
40315599

25127523
71404038
23893086
92004053
16073146

10793005
48567503
47491604
99862329
59679586

35435014
70407284
48056651
28563016
52012784

08185688
69502327
05356713
68239097
89341375

67706463
16532394
47225237
39559175
35349906

99395713
61174877
46913245
82241428
64369439

01465537
28616168
11368236
82144451
76034389

52453057
76647983
79832811
81857891
18357211

20795937
15638328
82829789
31174129
57376505

39786975
46833933
40191896
27301506
03379776

07789133
58622775
45600983
34696191
22886599

19538709
26384857
88758816
15526801
26487261

49967793
98496147
52601896
30486881
84735620

26407417
29062903
39825771
81432858
41902644

09896873
33809589
05821821
89401190
85345723

91497121
68045275
58133730
83282594
17291978

21658101
39816419
48263559
10607653
08058487

30728012
25613341
32129342
40159576
05411791

46866325
03798217
81597890
82649148
24940677

20478952
26608764
10475779
35769896
10809039

49110426
66250256
51261034
08508710
72724165

29443372
17745834
83555883
31716150
64399190

46979599
59720281
81688795
13646485
25681853

46873008
51918888
45017083
61008255
93748195

44848800
04551656
07043802
64870073
86762784

42861720
04629372
59386071
27584881
34613333

25160825
64541953
94004568
82329068
90489543

48697428
82126550
23776258
74112972
82169329

10232001
00652128
40854168
78169599
52500666

89685329
50126997
89657798
04763236
40492857

48100463
62832792
76526331
67618782
87527833

67478553
63135442
97189497
47834754
34351938

19900315
54413081
95772498
17130235
64392229

89930758
47519855
56011134
97982114
54030577

46735295
56334596
59332718
50100539
68843587

30345784
78578977
12685533
99356731
53178342

73010834
97179460
08940870
76602999
90928845

92246340
44100757
14667994
39793549
04664066

37244459
67968826
54171649
18886791
68860782

67742868
82873040
38962580
95883090
65173027

78309107
77665012
86173991
09013248
66143095

97151081
13138334
00259454
29471465
95679334

01072989
92440599
61920471
08938484
54960621

83324624
20486389
48391404
44160624
42580444

97112240
97442270
81842309
97971567
32343958

72332955
38492821
23693245
90985919
05289650

23603560
80342056
37996592
31105736
42028885

96522125
13789392
71467304
59379769
11801955

78771831
89986214
21181307
42593808
94256457

33322859
33807790
03364072
56820760
16345932

93482440
22291390
89877733
68722132
32478316

90302241
55796660
13380343
73156714
73286399

19145141
52221926
42628552
66231872
11459241

57526762
54052050
22911755
94431653
91213952

27971351
00373057
79444162
82833553
02097003

07731527
55205637
39659402
26030971
02671852

23385915
63043565
12234143
38712945
32610138

31726079
76343141
59831682
73808368
62278728

33304734
13957565
49967515
47836457
71617243

69332105
11567347
69357472
46685544
93179047

92365473
16193086
32573798
65602558
93224636

93381856
26603974
42185637
71518827
41936078

00452257
80153697
83393497
45189461
05904336

27619767
22833412
26938091
62828752
74473684

31419468
18492925
63763799
24291527
61461075

26993093
09913405
51150337
44602855
33892801

62097814
70231337
35725773
36819915
96644673

18572841
52848400
10641737
15813990
01400335

13614252
78851237
69495871
48256849
83726366

87874209
03775754
60519676
30484536
49566029

46861364
92315372
48676130
47654652
78800117

94024540
21054249
54217565
52279229
10194232

98866604
01710428
98244118
22411118
50117584

17591384
97839277
94565568
77679969
68263190

79620802
22079070
36071556
52533346
30357961

59946796
03176903
67410390
72632921
20195318

94847647
47477229
34582802
54901439
54857848

30079206
44989071
16818538
03687095
78115277

06536077
40064270
06060009
86191632
13487043

79152256
44058609
89900939
03756649
57617083

33674314
20983630
90170832
51180550
80492167

99698167
05545366
07660685
97868798
27044754

77138459
87802122
79655436
50597337
94344833

80239905
42612759
97028847
14385504
06133814

52402098
00984403
65769950
68878925
31977214

74726579
03214407
69009338
59128882
39593660

06556989
38265394
62578957
15539918
85467910

27934174
36530946
96855034
68487327
51000619

58853790
35362144
23957431
80708422
56102890

26517631
39809695
78690380
38640547
72881366

32050424
87000141
67488675
00867354
54957202

05085309
46166536
49579688
20531242
67020326

66701785
80763735
27631167
54999718
62235001

70300096
77954938
00045213
37718592
65688217

55382262
15764157
25625126
27653533
50770662

10108307
83706182
15129696
29457247
18102529

53651565
75364410
97554769
84705837
68044834

76507564
04533996
58839617
53389375
17033100

11595255
94471654
11338639
39575906
30794753

93588128
65453425
22527301
16778417
49565477

82555020
93144324
80890271
28429517
57548598

41189558
47457406
69994514
86742173
26953245

43909599
15257777
07434245
92379796
92692327

78969753
08952305
67846097
62288300
29626119

18817301
32001516
23571060
25772509
11862005

22450375
14666893
57585764
11905088
33487132

06603553
30926658
66157596
11969265
69652191

24482761
99823824
76494071
04036412
95851008

23119181
76804282
84878770
12098636
19953885

54062493
89640354
00843827
13719483
51263725

56898223
50855601
98522156
42719944
67499234

62216357
25514216
98870687
23408098
44305202

00739468
61778659
18464840
77535263
85320023

12319681
16018651
89489480
88888661
20217169

70288285
57773168
19116038
38696802
20438690

99601749
13869913
96649655
97212951
47734784

15296790
67068166
29527566
13292951
78168234

25379968
37762825
81030505
55792651
70716455

99489242
46298531
74100837
86567585
44142256

48805184
36670803
95453890
60941794
47480765

91325779
70827738
28634994
72320719
10207156

29520573
62405709
30490619
57292542
73561663

13734316
06847758
89749649
63079616
99130326

25418425
05553110
76915717
38075108
37877422

27279149
44948357
87756922
82236876
40426532

74970787
17238284
88812624
82656039
38475702

23430714
32280034
87607891
98884570
78921755

29658530
61399713
53344769
87744627
45312241

25392354
23353915
80673310
32524590
01372095

59560875
41069552
53826138
49770746
60479621

61398899
58877722
98248620
44542700
39257922

43234544
73891364
09369403
79975078
54538504

51351132
35642452
54243863
38714892
89541916

33901982
63414665
62815819
39440267
94901215

26308412
94243200
42016678
40052336
06600673

88434555
59452251
41504843
02616379
70725523

65586651
38529324
34649172
56776881
36807174

52973695
97783992
83501014
93834302
60407085

22216697
31732706
57065722
52417523
88392174

94559213
12858359
39343762
29631360
26422451

96661977
03227547
63943427
78815643
58629201

60206202
25867073
89304321
38779628
16280543

35950855
68378273
00613467
34755810
11278104

68956047
10720501
99821134
96873298
37278594

35612323
22199840
31634139
28743203
31347840

78956020
36981886
77851738
45394579
80238884

92267710
93519655
80874913
12894045
56399242

94373118
02517422
62221482
68955557
99551652

27850433
47855981
78636144
32664712
39328426

16576332
45110507
61996707
62456221
17254806

16117627
98957033
14615145
84235705
27242931

42908132
80225221
79419353
40920619
10811404

84237349
81672175
99620264
27897512
05461738

52510489
55251832
68708554
61865052
37381393

84399934
07854856
87023180
44295401
75045441

24575131
59823090
44672244
32520870
95677430

83649507
35386731
35567577
63967442
64451407

86488640
90840899
13591429
16798224
88444218

78328314
83226372
61306633
45215815
51386945

90822593
68399390
00537300
05090019
15067389

09323981
25342517
95090897
68241586
45557628

01327896
82290793
95177461
09072173
82816901

95420171
83883970
99374576
28905977
50982877

17277971
72132260
61000249
27145729
18284474

66661417
59734896
81220258
42060763
62519509

57708783
29439377
52699163
16960751
59318693

76641626
43958462
59355617
23204754
30746091

80027996
56944890
94391634
82934315
77032407

04952622
59489653
39628141
79807119
02974008

98846639
21080837
07092477
13381206
60433036

05229707
02221731
18837165
74501069
55805102

22319351
37871283
10146857
85310755
57315162

09924263
39499091
42408103
42434111
52105838

54901592
51353411
90641892
09672339
90649655

62486224
61942948
91370282
44820004
79253738

56608251
79245296
45751119
11782103
55294145

61602768
73032311
41172322
44501363
83340829

52824010
07171217
95838976
26565081
15521202

91623561
90076646
96834180
39549416
84917397

87422358
71983311
22668277
57365100
29950202

51359201
19777462
13527005
23443528
84528108

17657181
64634525
12135053
73258044
02464455

47366637
31777380
71429357
65380946
52076365

61845913
06128134
68899553
25401657
91743663

38025016
36025726
54983539
64470880
05404027

99247967
96977002
57819072
71017434
93394822

39207773
23289095
39101949
76000467
71578966

50653765
82593115
17191933
89389172
31793854

35165995
39824021
58558712
46549357
52592384

52983250
23216954
78297423
20329319
78584730

77355333
98161955
36220723
96394053
46443478

26750706
43911805
06494263
73057790
05399594

66335884
78285881
14358237
62571767
88081323

78715668
17788002
67252129
32104446
46375047

30829160
53903430
44203106
74060124
01046735

70884272
14271000
52570004
62024826
03193866

58659888
99141992
59551866
32837521
87483493

53552435
70037213
07971262
39219503
37908325

66583799
78402064
80585482
21273062
81194105

18231510
05587497
40243304
27592083
89318422

89150902
43728503
56103826
06310699
27680862

86791014
60647940
73031404
43592348
90323263

00665885
91958455
94043188
98115632
33045289

11997856
89611081
43352055
27359260
11687924

44655286
59091805
87890189
68467918
42819779

66841613
39986993
75868792
45871392
47680293

71523108
69609262
96946016
69333894
86500275

45020695
56708038
48745116
36136082
49617334

26996299
92816251
54789071
37362323
17052353

30615923
47639227
51797326
72859435
92287239

56995631
58934336
12540716
52084040
40796886

15018367
13607443
94243715
23548976
18200646

77345488
72768771
80515870
22183431
32568578

67360770
26516073
92023177
67512533
62030470

08488761
52794758
35172433
10935258
35146267

59684310
25749823
72718816
84765906
25118592

72392343
55023358
51476805
52295263
13671346

81241818
94421956
37290703
21440270
81136723

77817685
70256746
30589580
89936473
59064189

95053684
46829327
67182249
34182361
32774289

07913890
26610639
15739882
39360408
23798925

69664200
14731028
79313939
43292684
90435499

05478241
74969999
00131830
71519746
82996681

41674485
73707544
12732617
44322712
13669558

96608238
24749360
98322901
85569014
83967704

59447227
61030693
54033289
45106969
60052142

03812790
10066253
54711419
57705061
78192683

95659975
88094383
06315271
38257515
66243775

77466509
60850954
04206942
08315091
38940751

68222278
36791611
81857126
19622371
78542505

06573344
60056014
37051747
98679534
98336932

99331829
82363277
46858644
64217747
47661586

22027119
25529984
61835422
28180220
92088314

70785634
89785821
85527868
99206505
47628680

71114142
71754014
84021545
14760667
56499128

11621648
53469504
77412405
92363775
25030106

75999457
85400430
43211210
48298337
72306288

08987533
23817691
30654915
83297160
74316539

00239804
14654832
80448202
63854342
31073017

04093554
98664280
73107298
86252915
27417263

12769179
39322446
05290178
39385990
07323837

74322440
60524295
87582231
49646670
57415634

43521566
17507401
85254663
71516917
47762188

20859837
93784722
45460292
33981388
77504735

49273423
11051475
75922790
23189615
41757693

07174978
41663378
47729542
80838216
08256057

11996645
53973447
70749614
56404341
15637125

42579326
40488638
31425926
10045708
61410784

29055303
77224005
51739359
68212650
85662281

47532791
20732528
09851209
93013354
60376398

27514961
92287810
68828320
79680871
47755414

49510988
72256298
79506257
54610476
48172939

25793586
65015333
53347691
80861766
30852761

61409251
90666954
48066933
55229672
12557806

50949096
89374310
78324370
44143924
03572391

05067725
35773245
34445062
40984265
66981192

97082837
06403004
57187836
79486900
44629517

17769066
31596389
66793804
52010527
28241505

51075724
38240098
71665573
03475565
82994516

35096442
68961401
97955995
87972336
43769012

74809191
01193921
32684237
21890491
84572871

89201021
32763302
03618192
26397687
93960009

21308265
28028292
57251566
27948323
19185036

51374139
08321365
41441209
07826032
53922123

24179198
70450025
47902298
53239856
99224329

28095221
89450981
25880058
51623875
84589955

30958761
50159289
10595459
68221329
85279810

11915826
36578649
79804439
39066427
29255454

27590240
28420087
11504169
61478415
27461810

22641385
54053835
69147015
35272833
02916467

83215155
22031181
52230710
24761231
41299948

99412964
58039333
55665896
60411533
47707442

35613733
90073456
20495799
67543898
47491494

44818594
24451135
30924812
90517931
62715095

30644537
07987264
23750370
53553043
86127890

23601154
60262099
16065488
70110865
16758374

57019007
18734974
09661378
78739644
80023905

90600875
63601118
38090092
98083532
35746654

32587758
75279798
57721445
72719347
26850094

14836612
22919218
56982672
78515606
35812806

85588660
54387341
91680050
91366187
43863597

58207827
95270900
64988982
06466834
37127512

69280805
07884181
79937664
94799877
10312912

21746666
59213102
64161013
26167347
88677066

96595361
24110522
53690762
32016254
50698724

69506564
44529477
18522631
01621509
11406937

12744060
32006597
99340637
15527610
97147842

00657858
42727127
25569530
02137744
83293119

58998132
02029052
14332198
58794945
70029281

68506160
13330319
01002777
51187453
01204794

10765844
90153740
40760483
32672588
78684197

85173665
11894021
62222168
51740623
44631728

34653913
69174580
52705011
99179023
98232842

36688197
50201464
77137811
53518340
86456960

25431888
78934763
17296269
46393770
40512929

59891835
81178089
61457718
07749152
72298411

87962329
67961902
36097754
81659572
81787750

40382773
12961887
95988421
34132527
30272032

89210166
86063014
73779546
11155595
52687276

60191919
09931895
43289107
72678579
00229658

78944946
31690898
63256143
62436480
31356683

77353800
12547742
46785421
43192190
42441451

87107150
56952487
38062548
08147112
87177170

56874379
85755589
62583992
90161456
99364367

34513792
04053791
61506305
56627060
46953427

66635418
25902848
11646899
74691965
14856354

80790070
71030841
44698938
15016426
00631752

23965065
47062043
79401661
44114907
58229628

75854208
27290299
23413140
57340026
31635387

05050079
47808140
80353135
91327514
28674693

61913951
71276156
78235428
73389522
94385341

16678613
04560681
27194869
71171110
36277897

12653641
12593598
36619936
53645813
40619632

12219646
56876462
14937187
73002513
64876472

19824262
91431627
49056708
33682112
51824118

32895236
79807137
66713040
16976699
52923902

80042060
41178098
68107722
26427820
32553516

59935234
39641816
04499577
42861875
78421440

47366738
66525660
53680567
83641201
83500059

36948337
51685910
60680703
17234650
58626004

27472118
80059056
25211340
84621344
14985256

26551583
55071792
28791030
82184060
13350387

52128161
76717372
76216434
48342050
38559153

36759496
75310082
03730733
13066746
21644763

54776824
06722404
00772065
19924769
93690452

72756303
45424785
52877869
00180857
81809771

26255078
54321809
81609427
03927237
32822862

84459687
50821215
37748088
85421514
72220661

11548244
20574177
07155057
75426966
08461366

76994530
63870164
42323208
07670745
44163035

98654012
64307649
75458818
78164027
76720090

17027103
06949082
74305180
99724743
39788427

55895708
10756101
69768378
73861762
86664700

02401802
73656686
72419335
38245991
85395427

63917433
61318112
19214330
38533364
53912982

46333824
75644674
42547395
52142304
43505030

86163060
03058437
61366757
13007083
62282215

59260469
61771105
76064976
46884589
04507349

09404369
93013252
06642253
10144869
46804719

18620117
43334681
56620155
31098338
22708148

71192940
23493268
42906152
41771901
14435271

42034185
59952524
98987396
81437993
27976560

73306890
14948567
61961272
19739239
56235812

15785728
91132547
44733956
42024035
48850156

24816524
69224517
02925610
58916784
02740539

97921372
32680843
29130960
27698313
24330711

79764231
89278306
98988151
12349164
17459533

52913949
10974291
06962916
86820186
60763465

24455956
06535825
25221907
57444898
14182356

71053377
25127423
77735726
63767810
53266408

77059683
16016608
21326672
56174984
35873013

63493850
02078586
79843858
81982083
82936263

43872240
49087014
03775497
04727165
43020792

16990533
04794838
46596392
48032438
79749392

48712991
06922808
44308102
40408610
14993958

18333006
26119971
62304206
48370606
46963003

75604630
09867696
49436116
04541537
09019488

08557829
34314242
45588235
91374056
34509812

89042259
71583832
37063037
08975788
42372478

91191915
56675737
08590147
24787621
11894870

23504160
90199407
48250855
78375350
36860916

61311982
25190013
80117166
06290678
31541548

19093076
39822896
84685101
04549030
25539911

52302545
07646551
42015817
81188213
25540170

08961195
27142062
07296982
69763273
40485462

75091330
27205242
25158735
73057798
97434306

01677684
99354158
65841917
03762132
99888288

24495620
26911493
29435807
82425572
09294650

15820050
64553391
00012071
61184235
59286515

87631265
03654362
94840820
89523625
71160648

59360994
31934416
56152579
21896403
15433410

66274312
92315393
47569534
41617256
47694809

87461866
24570214
52807016
21887150
79582893

21099717
62970811
95313089
44458495
23633330

00194734
36026297
98275885
45191942
64675495

70052449
42458994
56083111
71904470
90489827

35338429
71448282
23404441
91429278
75183927

98095575
42721601
79755837
19249815
80899880

20720183
16152389
21398612
70411602
82255687

21217015
29737886
97312278
91102924
30955283

03836485
20259467
99811965
98198485
97112105

17021199
02480020
15405329
26887993
02104106

15026601
33491015
79343285
92616912
34170077

05624533
70744002
84963693
18483610
01635967

38606247
13994667
41111000
74717993
46057154

96464177
93822135
66155915
17694956
61414526

17261857
52106756
36551372
65364837
57620348

41417744
41054591
35207459
73421082
58217000

67742276
27628745
78746004
24741505
46943602

22744654
87932888
86096205
97082268
26370749

10916882
19885872
33452548
55382943
73390552

61383633
90956540
18276262
77684158
24970592

16923433
91463047
17883247
10129664
31476454

74692810
54732117
15253374
88462788
91620267

10889582
34614272
91120143
60552113
53285291

30231485
07756703
28908415
61392439
49191099

63089497
18206709
39086605
45300469
17030214

25112052
05279368
83904326
27863373
60950870

77755635
92307804
31462658
86089807
02553745

80112891
89143185
51241542
83490713
32800618

32198645
97565655
40928305
71703669
02261280

09408804
21941012
26951805
23864741
09500794

30159911
09956209
18293768
86135943
42587769

17940559
92787052
48070906
17219196
12795546

22602126
70100677
86575705
98091960
83002235

54637653
69132086
48783596
88767039
97167625

89502465
26375929
66621092
58033956
22609077

29947906
71177192
57269469
80310303
49107898

20996168
97850905
10262043
27202800
29903338

23998345
96688836
45776854
22951543
94375088

25573685
68885292
51941624
43225302
98316705

94910147
41739552
00561574
93661593
92430679

05108043
94986862
96924775
24990760
78687671

14289771
27103055
11155655
53836998
17253347

27356221
31531221
85577151
42393865
62193696

50181504
74379441
36021945
78048656
57150765

02134566
71063369
70260399
40049769
11317386

57440207
05410499
50353475
37235599
33367311

62345046
52656351
70910437
27645340
11742585

57018043
78602071
64404123
98912989
92256811

74562505
62261100
66403771
76017623
68467707

17753271
01277038
21644743
10810161
47624374

61833055
29237960
78558976
16555975
25182620

18303136
96999744
66105154
43361891
97771341

10476393
42252155
09615129
99144306
33971266

55709891
13720507
60071698
35911635
29460489

03445548
48661600
06886999
68995305
11727317

62819831
74572704
09906502
35773575
11277726

52372827
05551105
53549916
94653830
52326128

51793981
39105786
70532723
52912331
36565128

07517623
56775909
12612749
15203985
11942675

05035353
04191142
24656647
06019631
39114165

42116502
14481969
11236883
44773913
47764620

31945092
61341432
24770779
67296198
39137833

94208988
50921089
48095971
16885171
27887895

09158523
52759156
63894364
86622736
31157626

28485506
42726686
06597497
54837894
63492678

19255575
41936185
15066911
49306928
01299895

35430690
36221649
82843295
85382797
93659551

08949124
39007645
68906586
92077681
98841543

40190010
53456672
07595518
32736090
88835703

09832618
88878785
05791671
73657007
02271561

04397227
73313208
77839845
34815841
80064463

82763465
15091827
96142945
15958894
62824431

14975340
49870192
82018473
59343628
10429885

98970300
97762920
29263789
03630261
30585105

29747955
40001754
91391164
68758268
37450399

58706608
01319168
53083633
21698526
56313629

76267130
69458893
30007176
11130960
09203231

37752043
40628645
90522439
23908719
68860354

96961785
66049696
71642153
85637319
85804132

96869687
36333876
69972426
36296859
78396832

62843729
06811769
12061445
21368989
43740639

56248205
36422616
04329976
74138943
65509530

75733102
40423070
57189713
46237505
80999691

29646245
76431306
77421514
19305286
68485049

17855473
68088321
45445219
32561360
27970757

24809352
21407910
78643535
46648014
91795561

80313199
14806862
13990309
80124423
03158280

20745924
70458078
05496278
52491852
71825442

44702331
87746655
67941130
41933956
39911909

87270766
06632700
71687472
34865247
58382033

42757685
45181347
17412369
68565869
47732527

06533129
59832866
77742224
83856579
99494434

63867430
00485834
43774460
04404679
31675651

76470552
37913247
11569467
30825789
64072425

91700952
46453775
44212009
11996529
75223315

89379016
46922408
46415238
18118593
17077443

54512077
87489939
53363817
45110150
61778791

76701357
29214661
37675500
39957636
70563891

19253334
56149323
97848384
48705189
83760855

65485657
67799646
91998431
20978559
13954357

03232325
32127433
94494895
64712320
43245995

52109315
06059476
07388914
81733712
01267303

88757925
95412956
60411879
48709075
07701415

65835746
31189635
89383786
58538289
06233063

04764426
69679940
61368545
49138163
98840106

55998070
64689179
58974066
50815298
23048033

52877874
22694518
93855571
97258019
66947147

62662911
47201818
31249086
12580889
61928303

27213862
96242373
25453897
60541688
49801149

11948960
14196749
78769567
42931348
43922707

48194786
92872576
37648193
84744692
59505873

50711655
39815485
01745003
95772352
79841544

22053147
48272300
80176913
47669374
30241232

38464215
04399651
86982732
72894557
38988824

50476416
19303989
25951304
99940337
56223838

66542037
86807787
82848411
96369753
43113814

28919713
83217352
75507695
27717163
98896239

36783110
32224470
00280686
28604579
41423671

54596622
21131373
15318110
87976365
75046759

66873341
20796075
52653315
60815358
65386578

79274280
15976076
14677493
01230278
13683498

69144550
45200854
82316669
49016575
07248456

55694746
83196224
66104893
00481897
95434598

09582115
73318465
18969119
18645848
34494533

80336275
67392333
80731328
29968951
16382965

41762278
95145254
88577501
24116922
41385231

40418125
17735845
91060220
80657072
86690798

55349578
58324876
49930490
83883055
13349845

72627318
91314153
86952149
13284878
30010199

90182902
15600804
50259291
51828846
34314953

68022605
58595965
59035354
93736161
15025224

55409045
08702876
85906503
30441636
72875369

66622014
63433812
40007620
06225188
02744746

18813334
87286365
98496463
06622912
47268992

50840814
05146039
50858413
41919661
95933714

72546380
02656376
47289714
29103397
79225215

51871251
44920424
86589452
46359118
63459870

33109337
84147157
17418888
92545334
76838252

64187527
64129906
03967425
61707298
06572819

08137711
96359280
09161832
87770800
85598804

95632360
82970269
90193334
33876891
26702941

21656147
24239414
66138667
68093283
04468838

57414264
32118313
63164994
98146147
85129056

24156951
39613483
12537959
01417017
57833937

06529389
60099131
36467683
93010174
50281380

25468286
51263746
00184106
01382682
34330674

50049883
55863556
48584055
00488988
15435074

27103673
96070476
51472157
89111365
23707992

96770585
17581378
61448888
66031619
67556845

51490332
92357818
51324064
93137355
53381257

56971768
30371323
38296954
47850992
29560730

32837841
79501249
79534475
20766413
05741603

35744042
79883657
90289791
73704487
83150523

82032026
63659458
68386060
33235531
79814063

29983329
54879474
05868227
83527056
10261193

24822048
34523502
78603271
17987254
46943299

03845645
51488206
87929976
59535699
59721341

03324451
48484925
05120597
01741437
26854283

83352563
68501540
46283546
64812924
84245245

19596140
15833018
75553287
43888947
45461317

49062049
91412915
79330148
72914339
42174119

88191423
11846810
76755555
82155183
79664867

56546200
78448160
82247353
01782945
88778573

36164145
90603247
79690994
77084266
56714615

87051394
73841974
02412714
45597927
45985791

20253899
71134581
27202644
82377928
68435163

95055624
77376213
97902981
47580500
35728679

79351690
83629709
85561338
96434372
07276849

79026911
77140631
99864585
56758762
65349551

95393012
30250265
48902259
06032753
19248929

70845245
63978497
76727032
46051703
98197874

31172496
80844676
72919804
25816360
64251635

51145356
14488530
30926847
90357298
11954493

13552656
64026739
86778597
48323815
26263316

12081172
09273455
02116454
13527947
35226170

95504335
33383478
64591125
34083905
18150259

19071545
73536585
72862815
35426615
69211243

47174898
33963506
07675667
19797086
97022013

36584154
46812057
90003170
10591451
00437949

64077288
11228022
66071186
69719098
07192569

23565727
68331768
66663860
78518714
73432225

42066637
39872456
32730952
39587427
09483067

09016372
02789331
86056902
67510807
00089806

45714729
79347237
26350544
17093744
51568680

37233917
30589694
37469342
39506077
04711177

77044013
41568491
90904440
54205447
23936311

29649211
30511412
99580292
19073664
96411722

27449960
51334204
37666975
73125620
38923120

45631323
40159364
51050461
57006466
42586316

82826456
90913425
94453739
34791617
63586251

60350447
24905314
33977403
35675389
64884592

42988108
06486509
43397151
66019034
20200696

04116316
71227266
99791865
78713718
71473501

42057063
30355346
33289219
91157017
07730387

65302397
81262675
16983584
27177935
39490890

88119929
39480879
46548816
57055446
16910764

02104440
92395988
45498237
56008278
27164381

91421318
92721090
86331585
83145593
45549806

16439413
41345111
95740933
98502972
66361270

73483757
88210502
66118097
12906849
05346771

65894837
81389320
09980725
99050525
87161485

17087745
91153765
18657034
90247580
75916383

82005358
71867475
94001056
98926822
20070895

36319664
02807806
62565909
98505743
57646920

72752457
76328821
40355416
59994119
93459566

06092050
05947178
62690815
85336580
48674874

42547668
58251581
85997921
07874818
93007461

57123104
35320931
46453318
28879956
47368556

59108377
06173256
20894143
85724508
19392591

53293386
45506799
56202168
02432135
42007969

86687480
10927457
78283343
55648322
17501425

71782592
88944589
04462595
35855896
54645385

31050532
47031533
19478886
15972757
39590408

64060965
38624351
75378397
71200422
30505501

58231797
85467725
54470435
71687505
20242709

84546236
17933131
23004262
86920582
00154253

73047189
20380526
88000200
77378600
98515625

54575282
43385993
74777879
40706982
33083381

54539218
76260715
93738106
72451233
60955563

79680155
60728049
19508349
71708858
92384823

98570556
54042141
21376853
09783916
06435749

12708839
00827974
43397706
22395814
22085576

68867470
76592121
54034208
00593686
48215343

51876489
55223648
25198121
10717087
43520071

35119122
51416249
70957349
32075451
90578588

99837124
44564401
44915971
52462732
84208013

54789688
48223774
69380000
85856683
52491500

10816593
67283468
74416723
58250419
52342586

55495678
22609835
25924231
66008350
80284347

88985765
52792429
04474908
00669874
15176640

45615869
03959125
08396988
43434676
53221073

70108340
38292604
75481711
88701103
12389395

95840223
74531988
79018040
15000917
02092341

23291169
99791108
68479310
45855055
44846376

91583887
75490552
56048235
72525582
89411933

85806466
30104542
15955110
28309584
65132186

38963944
65984178
64862579
46212304
90963449

88355890
55931287
74313802
80269784
53863121

44675360
50634698
30981286
11786431
29308859

70236266
80182061
85746356
44626716
20581203

01421578
24350103
70020695
82556527
70804212

29749571
86896184
52877040
29558037
48333876

29874105
63244685
41336481
58760111
84214549

04151575
67348818
19848188
41350311
01030943

90804147
26933330
57141476
03540234
83864469

39919750
88628180
21510209
38421370
87950005

15717822
78502598
79727457
00028646
10385799

57928760
40815379
13710725
58012527
17554002

13083412
06479363
94862016
11147087
09635992

78756963
24341285
46439277
55789036
73288870

55533279
77587506
30783957
46534263
31126450

82261520
17442969
98938153
37207011
22128460

17579981
26770944
50746201
58695639
17490339

88754128
69955366
08441811
13788959
96209870

96234767
79822160
14226243
89461518
01662186

18868224
36409349
63682216
14080622
18463039

77949608
88660440
06847993
88611169
73311432

85057090
46328527
55627323
41726075
73704648

32612161
08284472
12763233
22237076
29180618

70355294
70823822
57730461
84935493
84926271

27141654
89354179
90253425
10382378
87974048

47286366
78205241
34387401
26131328
70377440

07328102
22418392
80566153
50136296
34476753

74400933
70397159
67463142
57074039
92987345

93769524
71241667
08759051
79009001
52423267

41402547
96618074
03081470
57491107
20498352

61573098
12215610
55344424
66767959
98271634

15322816
57357054
65672503
46223719
45832272

50328700
15732832
41373520
28482302
04196637

12947308
44741931
52306704
43532391
30573627

10190200
45801306
52839722
14747802
78544867

87724320
68797789
18962024
38057808
43404717

38127254
29711974
67067900
01766692
61806626

28134214
28782211
27986265
93665162
20525895

79152378
47065982
43852135
13556531
28576595

36206143
14141576
47878273
59837801
22447233

59244162
48518941
84820269
08260355
60618929

95993418
96850330
90612560
96066209
14849060

69219804
19529391
57412513
60583916
95649110

98441264
40370444
23570827
50598127
49586477

95419803
09337454
74181339
49805197
93285037

23832707
94391089
27210453
92363278
78638532

42839167
15529300
57287964
20923040
53280012

10306070
50197047
16100766
82425102
95683939

39311346
35163012
78700580
77290321
07776647

55646014
20622122
01319446
98947718
61526727

37026525
91145198
33325550
46856488
95678939

45544495
82838174
44654820
88558292
13056948

01702778
35710662
15534011
97498823
47641422

00233131
74311325
41375622
43573941
49317323

72434007
68875771
52699464
21544353
73152456

67947586
06408676
07374502
78747812
11038574

51549210
73611533
04499589
67829372
51137193

75904754
46203757
03966273
76686296
75054741

13433184
90572688
13479683
32232553
71913400

35637625
97405801
53259197
94377191
82296588

43205276
78193648
49705048
42084479
63282571

32415601
28631631
81139529
83981989
86774060

61695165
32748475
76255048
90166562
73150448

28016784
53546885
71108771
96419802
91318679

29020641
42683767
44794150
81910328
42504287

33852239
69326341
77461052
56971050
31034979

21820002
82815992
08480163
12897682
32547982

95592741
18580829
63827317
50719433
20453041

88783079
71334010
71756424
97570940
91637279

23686662
15651926
72623729
95116740
78393589

48462172
79124352
63260447
65359375
43430672

29506216
05307676
47487965
03124194
06054019

86535580
34637482
23838977
25028818
38788495

19910905
39815636
73520616
28828455
64179012

88969293
38085338
46093496
06064253
31074190

35854506
27502275
79471724
25715315
48919973

16643092
53089622
32349742
49093758
86345860

41292275
56982760
38287968
63151977
56243238

22073141
75639895
03040390
10190678
03455503

18698192
56824638
60803540
87535249
38568453

24643289
96100600
32498199
93191149
54819792

77109155
93712466
10060722
93835375
26864962

28480354
30855986
05298832
35470011
21571183

20915018
16003303
55609974
28750159
90856417

05636035
01775524
43447884
83969260
50096159

02426842
34069644
48547861
99627208
59364841

78913471
34277302
12499402
42444331
31441371

89172100
47766222
40193120
64684325
29556879

84614875
91113256
00800576
47257457
63247216

89894004
46957128
86476646
93488180
49038990

56057083
21472875
62714040
42871423
97017365

04697378
68095086
39367420
67422256
63957872

03948857
26836824
33635992
94179131
25155788

33320932
42800018
38711436
37877037
26070292

52091506
39280976
09613115
03024527
22229235

26802607
13018763
59069069
44280486
67883526

47934679
87503244
09507079
79410508
72945206

92840021
00304242
15124117
04459857
47079137

62424013
52660493
01653585
53097706
20221465

46421823
12298368
45035371
00435551
15032600

55996252
91424915
44609683
06583723
96968773

73618438
59085201
63034558
44858433
93786802

98173119
71478978
90173511
57150965
81335486

39916836
65521124
63361483
47509635
87222598

22633237
76203743
99173305
98310455
42305059

49822690
58297954
17849337
83464533
99937761

95729090
17184822
31928594
60848038
55109288

07874793
22815868
93735398
69043198
90841015

46750583
95071693
95383179
40226118
40734549

56511494
94808829
63994153
87915133
57250506

56553107
93535450
97434349
83455260
98571330

84206385
54643644
23416370
32612283
99219792

26883235
17019807
75629924
31733255
59039939

39369024
32517916
71058078
09927940
28321349

78050280
74405855
18376593
47999869
41401744

35330699
43863056
91934762
12004955
85826087

67872932
64693372
06916522
90978431
59217944

33065208
57440075
18724076
00211766
15494876

79207993
79930735
28782662
52719889
84846717

59802392
51695518
36936928
54926027
08416390

99408599
54527910
14202635
55313162
82324439

32952667
83197091
14478784
80674660
53836532

21746323
87338281
56796430
85600259
96212970

47253097
45551060
80093856
74684641
84614692

38841763
59551889
36662368
16376689
47763022

21070846
11987238
24400725
92639863
96135356

52926930
01549510
72110308
49697574
01760803

19715231
96209204
01999301
04932067
49163741

07927280
95109417
63032979
78158157
00459059

49086224
51254602
60294785
13251354
76284970

69049521
05166754
67225253
96007928
86436866

46552519
09145942
96836049
57284788
74109709

85790379
16225169
69877255
12811500
04411427

93870231
06425334
57336618
33839410
45559158

21019719
34695072
99712925
24916379
70710912

51765650
08793140
88535579
56751229
01457237

95542534
28424829
45365520
81806919
11303676

48492026
60404130
08830559
86135138
80844851

59052989
78648392
47792507
10818188
99635862

38609460
77675129
83531640
71297706
08327794

21814400
30041740
60094052
15313433
71494182

81638479
34782008
32557249
90320833
10945922

30677856
10914720
28314484
40118695
10826636

72747847
05952882
18596882
63316598
87079034

44983805
64772933
85426541
01951198
68359605

94401661
61085327
93588596
08832520
09959544

89983682
08176897
94963652
53045830
53910563

60555762
62475968
06666914
63126342
22410501

00975822
88538078
87010197
86140274
03991538

08206830
71430951
52109331
73590604
28556855

48354388
02568712
23908115
70137835
53863997

16839733
73468558
38542873
13513931
38789638

94197966
24840329
05899047
49366139
85767496

78648507
65332705
34244991
48876648
88439827

38455015
01417896
46542929
14484814
04604801

71719653
22066533
00973110
60921137
56942176

79775871
65226548
17748485
74323096
76465662

94610227
77133868
24081538
73910112
35592650

78999650
74875456
69030218
55557352
98426850

59984384
29657490
56507714
54692339
85476257

95179540
77158174
45067409
40728984
62063276

12244589
83824476
64636893
22656556
60125126

97824927
17093709
79670079
72967860
02731792

59222478
92790947
52274521
92348240
11691230

94227346
82211738
84170804
32179964
35925697

72350188
89243336
29525577
85585421
94532471

34389039
10909681
63678884
91921195
52522308

14039382
51980482
04199805
72590585
30280877

59375797
45023098
86008083
58393888
56196526

99265317
22460914
25456512
68138095
04697008

02363918
63656947
45079675
99009179
65730680

84243850
68191332
68042177
59970068
69283230

64715592
79732612
52049953
67393434
29707132

95433567
61094280
93124509
94833282
74239118

11061124
29570349
61905753
80653912
19706008

22518759
87299129
05982260
98992316
33517547

20362582
21447842
28465219
05400709
65949662

63484099
53298119
04321924
52101858
73459356

04135574
67977981
94490267
92747509
07751968

06654758
33905028
21915333
50857287
96780447

42024254
98122867
14966600
67669331
11235452

23207853
54809691
78934931
14224878
20526162

76446997
48974388
20362257
78873670
29361892

19274182
53023930
51960740
32178111
84085139

83150186
17615922
14119369
83842577
90492344

85621669
54369419
27618509
38315996
62898393

17909559
65762378
48064742
00255120
68338872

34392660
53086930
00137011
69547714
20652991

80533308
84795449
53158702
37242189
89981231

04994515
34686024
20208412
17413261
28591075

77824589
55519162
98107071
82318371
46890610

97866630
27054737
10101010
66429511
92530398

18147133
40902253
78036728
09717396
67711100

45555878
29152544
88382801
52747450
68192045

70259327
74865222
78179868
73192404
42360321

50313955
94541451
15845520
27344457
98911094

84189227
77157786
65982063
26751461
18622338

33125789
53716458
73902194
20911691
60094316

07009050
22544110
93910892
50608663
04520361

34476889
65097892
17996900
76656349
51538257

94873661
65610385
63684215
50451265
56353007

32927142
25884015
99916208
16028102
49685565

95147095
81250814
81616371
77797390
65908363

18752580
08409899
55515868
22789842
14782527

32481555
29828460
72197425
70623251
34598034

83590816
92274038
74912808
66407456
70198921

86073695
12195347
49386190
71626719
63348871

93242963
25476122
91172344
82051217
84343719

91468896
90126307
14534859
10282831
30355493

50246131
49994835
83994521
43572669
92785203

08058158
94048783
66522899
97678301
08665097

67689005
49350726
25127555
05140223
58167151

81780109
60415925
90857785
58329768
64331867

05827029
81394603
60270598
60809169
62970249

03726039
81658607
59566935
76767364
41300011

58740697
27008626
74220685
48578000
14550219

27747658
73313250
71401292
10935327
45651664

42112845
44491649
87773510
21852993
14513825

87119439
47327707
68674968
98045341
13161506

04102318
07251677
84225871
14986744
82480731

64522360
28230646
14764477
60091188
30199863

34120352
33971499
72405169
07602629
25945464

89350130
96579723
23785186
13012685
56047237

09376698
42764947
34194337
79722168
12339477

39153203
33653546
27465251
95407020
63795223

36683994
28549485
28094201
12516177
70134255

93971772
46172035
47445949
46625123
61239241

06280932
80810518
68744400
65757753
47536485

79160665
69965389
99571768
01774934
42001543

66985517
75954112
76672642
48288441
76329967

31004477
18741647
31483535
57028043
32061106

73000536
26684831
28676525
55599587
56617080

64598072
01217047
40332806
66309855
52098327

52978815
10821208
00944129
55541289
32096065

49814246
96042154
78085930
49191448
30489987

08557582
19919498
92092080
82041918
55007365

43970969
51342843
33495042
64967730
61898919

22247660
72119709
74881360
47126180
71169611

14192528
21574680
58670786
28962545
75344090

86839879
25328677
89585816
87122955
43073312

93818514
88655737
17709787
89431679
37490489

52887351
92723730
37211146
82255785
90104495

54507461
76654186
56669486
65761709
51084981

03524824
60870510
92647906
67381202
34622018

05234767
36615424
01157090
21615529
72947645

36216025
08933688
43122519
94077080
70486606

17806767
93802624
77161666
06838978
56159907

